1 1 1
20
6
-0.4,-1.0,-1.0
-0.4,0.0,-1.0
-1.0,0.0,-1.0
-1.0,-1.0,-1.0
-0.4,-1.0,-0.5
-0.4,0.0,-0.5
-1.0,-1.0,-0.5
-1.0,0.0,-0.5
8
-0.6,0.1,-1.0
-0.6,1.0,-1.0
-1.0,1.0,-1.0
-1.0,0.1,-1.0
-0.6,0.1,-0.9
-0.6,1.0,-0.9
-1.0,0.1,-0.9
-1.0,1.0,-0.9
11
-0.1,0.9,-1.0
-0.1,1.0,-1.0
-0.3,1.0,-1.0
-0.3,0.9,-1.0
-0.1,0.9,-0.9
-0.1,1.0,-0.9
-0.3,0.9,-0.9
-0.3,1.0,-0.9
23
0.2,-1.0,-1.0
0.2,-0.7,-1.0
-0.4,-0.7,-1.0
-0.4,-1.0,-1.0
0.2,-1.0,-0.3
0.2,-0.7,-0.3
-0.4,-1.0,-0.3
-0.4,-0.7,-0.3
23
0.2,-0.6,-1.0
0.2,-0.3,-1.0
-0.3,-0.3,-1.0
-0.3,-0.6,-1.0
0.2,-0.6,-0.8
0.2,-0.3,-0.8
-0.3,-0.6,-0.8
-0.3,-0.3,-0.8
29
0.5,-0.3,-1.0
0.5,0.3,-1.0
-0.4,0.3,-1.0
-0.4,-0.3,-1.0
0.5,-0.3,-0.9
0.5,0.3,-0.9
-0.4,-0.3,-0.9
-0.4,0.3,-0.9
29
0.3,0.3,-1.0
0.3,0.9,-1.0
-0.1,0.9,-1.0
-0.1,0.3,-1.0
0.3,0.3,-0.5
0.3,0.9,-0.5
-0.1,0.3,-0.5
-0.1,0.9,-0.5
30
1.0,-1.0,-0.9
1.0,-0.1,-0.9
0.2,-0.1,-0.9
0.2,-1.0,-0.9
1.0,-1.0,0.1
1.0,-0.1,0.1
0.2,-1.0,0.1
0.2,-0.1,0.1
32
0.8,0.3,-1.0
0.8,1.0,-1.0
0.3,1.0,-1.0
0.3,0.3,-1.0
0.8,0.3,-0.3
0.8,1.0,-0.3
0.3,0.3,-0.3
0.3,1.0,-0.3
34
-0.6,0.0,-0.9
-0.6,1.0,-0.9
-1.0,1.0,-0.9
-1.0,0.0,-0.9
-0.6,0.0,0.0
-0.6,1.0,0.0
-1.0,0.0,0.0
-1.0,1.0,0.0
38
0.2,-0.3,-0.9
0.2,0.1,-0.9
-0.4,0.1,-0.9
-0.4,-0.3,-0.9
0.2,-0.3,-0.5
0.2,0.1,-0.5
-0.4,-0.3,-0.5
-0.4,0.1,-0.5
47
-0.1,0.5,-0.9
-0.1,1.0,-0.9
-0.4,1.0,-0.9
-0.4,0.5,-0.9
-0.1,0.5,-0.5
-0.1,1.0,-0.5
-0.4,0.5,-0.5
-0.4,1.0,-0.5
50
-0.7,-1.0,-0.5
-0.7,-0.1,-0.5
-1.0,-0.1,-0.5
-1.0,-1.0,-0.5
-0.7,-1.0,0.5
-0.7,-0.1,0.5
-1.0,-1.0,0.5
-1.0,-0.1,0.5
51
0.2,-0.6,-0.5
0.2,0.1,-0.5
-0.5,0.1,-0.5
-0.5,-0.6,-0.5
0.2,-0.6,0.5
0.2,0.1,0.5
-0.5,-0.6,0.5
-0.5,0.1,0.5
56
-0.1,0.3,-0.5
-0.1,0.8,-0.5
-0.5,0.8,-0.5
-0.5,0.3,-0.5
-0.1,0.3,0.5
-0.1,0.8,0.5
-0.5,0.3,0.5
-0.5,0.8,0.5
58
0.3,0.5,-0.5
0.3,0.8,-0.5
0.2,0.8,-0.5
0.2,0.5,-0.5
0.3,0.5,0.4
0.3,0.8,0.4
0.2,0.5,0.4
0.2,0.8,0.4
59
1.0,0.0,-0.3
1.0,1.0,-0.3
0.3,1.0,-0.3
0.3,0.0,-0.3
1.0,0.0,0.5
1.0,1.0,0.5
0.3,0.0,0.5
0.3,1.0,0.5
61
-0.6,0.2,0.0
-0.6,0.9,0.0
-1.0,0.9,0.0
-1.0,0.2,0.0
-0.6,0.2,1.0
-0.6,0.9,1.0
-1.0,0.2,1.0
-1.0,0.9,1.0
66
-0.1,-1.0,-0.3
-0.1,-0.8,-0.3
-0.6,-0.8,-0.3
-0.6,-1.0,-0.3
-0.1,-1.0,0.5
-0.1,-0.8,0.5
-0.6,-1.0,0.5
-0.6,-0.8,0.5
87
0.7,-0.4,-1.0
0.7,-0.3,-1.0
0.5,-0.3,-1.0
0.5,-0.4,-1.0
0.7,-0.4,-0.9
0.7,-0.3,-0.9
0.5,-0.4,-0.9
0.5,-0.3,-0.9
