1 1 1
25
23
-0.7,-1,-1
-0.7,-0.4,-1
-1,-0.4,-1
-1,-1,-1
-0.7,-1,-0.3
-0.7,-0.4,-0.3
-1,-1,-0.3
-1,-0.4,-0.3
38
-0.3,-1,-1
-0.3,-0.4,-1
-0.7,-0.4,-1
-0.7,-1,-1
-0.3,-1,-0.6
-0.3,-0.4,-0.6
-0.7,-1,-0.6
-0.7,-0.4,-0.6
59
0.4,-1,-1
0.4,0.0,-1
-0.3,0.0,-1
-0.3,-1,-1
0.4,-1,-0.2
0.4,0.0,-0.2
-0.3,-1,-0.2
-0.3,0.0,-0.2
77
1.4,-1,-1
1.4,0.0,-1
0.4,0.0,-1
0.4,-1,-1
1.4,-1,-0.8
1.4,0.0,-0.8
0.4,-1,-0.8
0.4,0.0,-0.8
32
1.9,-1,-1
1.9,-0.3,-1
1.4,-0.3,-1
1.4,-1,-1
1.9,-1,-0.3
1.9,-0.3,-0.3
1.4,-1,-0.3
1.4,-0.3,-0.3
6
2.5,-1,-1
2.5,0.0,-1
1.9,0.0,-1
1.9,-1,-1
2.5,-1,-0.5
2.5,0.0,-0.5
1.9,-1,-0.5
1.9,0.0,-0.5
11
2.6,-1,-1
2.6,-0.9,-1
2.5,-0.9,-1
2.5,-1,-1
2.6,-1,-0.8
2.6,-0.9,-0.8
2.5,-1,-0.8
2.5,-0.9,-0.8
51
3.3,-1,-1
3.3,0.0,-1
2.6,0.0,-1
2.6,-1,-1
3.3,-1,-0.3
3.3,0.0,-0.3
2.6,-1,-0.3
2.6,0.0,-0.3
29
3.4,-1,-1
3.4,-0.4,-1
3.3,-0.4,-1
3.3,-1,-1
3.4,-1,-0.1
3.4,-0.4,-0.1
3.3,-1,-0.1
3.3,-0.4,-0.1
97
4.2,-1,-1
4.2,-0.7,-1
3.4,-0.7,-1
3.4,-1,-1
4.2,-1,0.0
4.2,-0.7,0.0
3.4,-1,0.0
3.4,-0.7,0.0
69
4.6,-1,-1
4.6,-0.3,-1
4.2,-0.3,-1
4.2,-1,-1
4.6,-1,-0.1
4.6,-0.3,-0.1
4.2,-1,-0.1
4.2,-0.3,-0.1
29
5.2,-1,-1
5.2,-0.6,-1
4.6,-0.6,-1
4.6,-1,-1
5.2,-1,-0.5
5.2,-0.6,-0.5
4.6,-1,-0.5
4.6,-0.6,-0.5
50
5.5,-1,-1
5.5,-0.1,-1
5.2,-0.1,-1
5.2,-1,-1
5.5,-1,0.0
5.5,-0.1,0.0
5.2,-1,0.0
5.2,-0.1,0.0
47
6.0,-1,-1
6.0,-0.7,-1
5.5,-0.7,-1
5.5,-1,-1
6.0,-1,-0.6
6.0,-0.7,-0.6
5.5,-1,-0.6
5.5,-0.7,-0.6
8
6.4,-1,-1
6.4,-0.9,-1
6.0,-0.9,-1
6.0,-1,-1
6.4,-1,-0.1
6.4,-0.9,-0.1
6.0,-1,-0.1
6.0,-0.9,-0.1
56
6.8,-1,-1
6.8,0.0,-1
6.4,0.0,-1
6.4,-1,-1
6.8,-1,-0.5
6.8,0.0,-0.5
6.4,-1,-0.5
6.4,0.0,-0.5
23
7.1,-1,-1
7.1,-0.8,-1
6.8,-0.8,-1
6.8,-1,-1
7.1,-1,-0.5
7.1,-0.8,-0.5
6.8,-1,-0.5
6.8,-0.8,-0.5
34
8.0,-1,-1
8.0,0.0,-1
7.1,0.0,-1
7.1,-1,-1
8.0,-1,-0.6
8.0,0.0,-0.6
7.1,-1,-0.6
7.1,0.0,-0.6
66
8.2,-1,-1
8.2,-0.5,-1
8.0,-0.5,-1
8.0,-1,-1
8.2,-1,-0.2
8.2,-0.5,-0.2
8.0,-1,-0.2
8.0,-0.5,-0.2
94
8.6,-1,-1
8.6,-0.4,-1
8.2,-0.4,-1
8.2,-1,-1
8.6,-1,-0.6
8.6,-0.4,-0.6
8.2,-1,-0.6
8.2,-0.4,-0.6
30
9.4,-1,-1
9.4,0.0,-1
8.6,0.0,-1
8.6,-1,-1
9.4,-1,-0.1
9.4,0.0,-0.1
8.6,-1,-0.1
8.6,0.0,-0.1
61
10.4,-1,-1
10.4,-0.6,-1
9.4,-0.6,-1
9.4,-1,-1
10.4,-1,-0.3
10.4,-0.6,-0.3
9.4,-1,-0.3
9.4,-0.6,-0.3
87
10.5,-1,-1
10.5,-0.9,-1
10.4,-0.9,-1
10.4,-1,-1
10.5,-1,-0.8
10.5,-0.9,-0.8
10.4,-1,-0.8
10.4,-0.9,-0.8
97
10.8,-1,-1
10.8,-0.5,-1
10.5,-0.5,-1
10.5,-1,-1
10.8,-1,-0.5
10.8,-0.5,-0.5
10.5,-1,-0.5
10.5,-0.5,-0.5
58
11.1,-1,-1
11.1,-0.1,-1
10.8,-0.1,-1
10.8,-1,-1
11.1,-1,-0.9
11.1,-0.1,-0.9
10.8,-1,-0.9
10.8,-0.1,-0.9
